%YAML:1.0
rotation:
   x: 0.
   y: 3.1415926535897931e+000
   z: 0.
translation:
   x: 0.
   y: 0.
   z: 2.9999999999999999e-001
