%YAML:1.0
display_id: 0
frame_width: 1920
frame_height: 1080
display_width: 0.543744
display_height: 0.302616
