%YAML:1.0
rotation:
   x: 0.
   y: 1.5707963267948966e+000
   z: 0.
translation:
   x: -2.9999999999999999e-001
   y: 0.
   z: 0.
